V1 <- c(1,2,3,4,5)
V2 <- c(6,7,8,9,10)

res1 <- V1 + V2
res1
res2 <- V1 * V2
res2
res3 <- V2 - V1
res3
res4 <- V1 / V2
res4
